[-1, 640, 480, 20, 20, 56, 7, 3, 1, 1, 'calibri', (0, 51, 51), (0, 90, 90), (0, 90, 90), (120, 120, 120), (120, 120, 120), (235, 235, 235), (235, 235, 235), (0, 0, 0), (0, 0, 0), (0, 0, 0), (0, 0, 0), (190, 190, 190)]
[1, 0, 0, 0, 0, 7, 7, (0, 90, 90), (0, 90, 90), (120, 120, 120), (120, 120, 120), 'calibri']
[2, 1, 0, 2, 2, 3, 1, 0, 0, 0, 0, 0, 0, 'Начало', '', (235, 235, 235), (235, 235, 235), (0, 0, 0), (0, 0, 0)]
[3, 1, 0, 3, 3, 1, 1, 3, 3, 0, 0, 2, 4, 0, 0, (0, 0, 0), (0, 0, 0), (190, 190, 190)]
[2, 1, 0, 2, 4, 3, 1, 0, 0, 0, 0, 0, 0, 'Конец', '', (235, 235, 235), (235, 235, 235), (0, 0, 0), (0, 0, 0)]
[1, 0, 0, 7, 0, 7, 7, (0, 90, 90), (0, 90, 90), (120, 120, 120), (120, 120, 120), 'calibri']
[2, 5, 0, 9, 2, 3, 1, 0, 0, 0, 0, 0, 0, 'Начало', '', (235, 235, 235), (235, 235, 235), (0, 0, 0), (0, 0, 0)]
[3, 5, 0, 10, 3, 1, 1, 10, 3, 0, 0, 6, 8, 0, 0, (0, 0, 0), (0, 0, 0), (190, 190, 190)]
[2, 5, 0, 9, 4, 3, 1, 0, 0, 0, 0, 0, 0, 'Конец', '', (235, 235, 235), (235, 235, 235), (0, 0, 0), (0, 0, 0)]
[1, 0, 0, 14, 0, 7, 7, (0, 90, 90), (0, 90, 90), (120, 120, 120), (120, 120, 120), 'calibri']
[2, 9, 0, 16, 2, 3, 1, 0, 0, 0, 0, 0, 0, 'Начало', '', (235, 235, 235), (235, 235, 235), (0, 0, 0), (0, 0, 0)]
[3, 9, 0, 17, 3, 1, 1, 17, 3, 0, 0, 10, 12, 0, 0, (0, 0, 0), (0, 0, 0), (190, 190, 190)]
[2, 9, 0, 16, 4, 3, 1, 0, 0, 0, 0, 0, 0, 'Конец', '', (235, 235, 235), (235, 235, 235), (0, 0, 0), (0, 0, 0)]
[1, 0, 0, 21, 0, 7, 7, (0, 90, 90), (0, 90, 90), (120, 120, 120), (120, 120, 120), 'calibri']
[2, 13, 0, 23, 2, 3, 1, 0, 0, 0, 0, 0, 0, 'Начало', '', (235, 235, 235), (235, 235, 235), (0, 0, 0), (0, 0, 0)]
[3, 13, 0, 24, 3, 1, 1, 24, 3, 0, 0, 14, 16, 0, 0, (0, 0, 0), (0, 0, 0), (190, 190, 190)]
[2, 13, 0, 23, 4, 3, 1, 0, 0, 0, 0, 0, 0, 'Конец', '', (235, 235, 235), (235, 235, 235), (0, 0, 0), (0, 0, 0)]
[1, 0, 0, 28, 0, 7, 7, (0, 90, 90), (0, 90, 90), (120, 120, 120), (120, 120, 120), 'calibri']
[2, 17, 0, 30, 2, 3, 1, 0, 0, 0, 0, 0, 0, 'Начало', '', (235, 235, 235), (235, 235, 235), (0, 0, 0), (0, 0, 0)]
[3, 17, 0, 31, 3, 1, 1, 31, 3, 0, 0, 18, 20, 0, 0, (0, 0, 0), (0, 0, 0), (190, 190, 190)]
[2, 17, 0, 30, 4, 3, 1, 0, 0, 0, 0, 0, 0, 'Конец', '', (235, 235, 235), (235, 235, 235), (0, 0, 0), (0, 0, 0)]
[1, 0, 0, 35, 0, 7, 7, (0, 90, 90), (0, 90, 90), (120, 120, 120), (120, 120, 120), 'calibri']
[2, 21, 0, 37, 2, 3, 1, 0, 0, 0, 0, 0, 0, 'Начало', '', (235, 235, 235), (235, 235, 235), (0, 0, 0), (0, 0, 0)]
[3, 21, 0, 38, 3, 1, 1, 38, 3, 0, 0, 22, 24, 0, 0, (0, 0, 0), (0, 0, 0), (190, 190, 190)]
[2, 21, 0, 37, 4, 3, 1, 0, 0, 0, 0, 0, 0, 'Конец', '', (235, 235, 235), (235, 235, 235), (0, 0, 0), (0, 0, 0)]
[1, 0, 0, 42, 0, 7, 7, (0, 90, 90), (0, 90, 90), (120, 120, 120), (120, 120, 120), 'calibri']
[2, 25, 0, 44, 2, 3, 1, 0, 0, 0, 0, 0, 0, 'Начало', '', (235, 235, 235), (235, 235, 235), (0, 0, 0), (0, 0, 0)]
[3, 25, 0, 45, 3, 1, 1, 45, 3, 0, 0, 26, 28, 0, 0, (0, 0, 0), (0, 0, 0), (190, 190, 190)]
[2, 25, 0, 44, 4, 3, 1, 0, 0, 0, 0, 0, 0, 'Конец', '', (235, 235, 235), (235, 235, 235), (0, 0, 0), (0, 0, 0)]
[1, 0, 0, 49, 0, 7, 7, (0, 90, 90), (0, 90, 90), (120, 120, 120), (120, 120, 120), 'calibri']
[2, 29, 0, 51, 2, 3, 1, 0, 0, 0, 0, 0, 0, 'Начало', '', (235, 235, 235), (235, 235, 235), (0, 0, 0), (0, 0, 0)]
[3, 29, 0, 52, 3, 1, 1, 52, 3, 0, 0, 30, 32, 0, 0, (0, 0, 0), (0, 0, 0), (190, 190, 190)]
[2, 29, 0, 51, 4, 3, 1, 0, 0, 0, 0, 0, 0, 'Конец', '', (235, 235, 235), (235, 235, 235), (0, 0, 0), (0, 0, 0)]
